 VP GMT +2
1.1253;2016.04.14 00:00;2016.04.15 00:00
1.1253;12
1.12535;68
1.1254;140
1.12545;300
1.1255;208
1.12555;99
1.1256;201
1.12565;506
1.1257;268
1.12575;394
1.1258;366
1.12585;511
1.1259;374
1.12595;260
1.126;341
1.12605;604
1.1261;909
1.12615;621
1.1262;836
1.12625;595
1.1263;425
1.12635;402
1.1264;377
1.12645;355
1.1265;456
1.12655;299
1.1266;347
1.12665;515
1.1267;385
1.12675;298
1.1268;323
1.12685;325
1.1269;253
1.12695;447
1.127;524
1.12705;325
1.1271;420
1.12715;403
1.1272;730
1.12725;499
1.1273;452
1.12735;376
1.1274;662
1.12745;636
1.1275;717
1.12755;529
1.1276;795
1.12765;826
1.1277;825
1.12775;827
1.1278;675
1.12785;653
1.1279;588
1.12795;898
1.128;1053
1.12805;889
1.1281;1233
1.12815;966
1.1282;915
1.12825;782
1.1283;702
1.12835;682
1.1284;605
1.12845;633
1.1285;615
1.12855;431
1.1286;571
1.12865;636
1.1287;510
1.12875;358
1.1288;456
1.12885;229
1.1289;173
1.12895;64
1.129;143
1.12905;151
1.1291;125
1.12915;113
1.1292;132
1.12925;128
1.1293;132
1.12935;114
1.1294;214
1.12945;114
1.1295;249
1.12955;249
1.1296;211
1.12965;181
1.1297;247
1.12975;208
1.1298;160
1.12985;111
1.1299;165
1.12995;76
1.13;86
1.13005;66
1.1301;104
1.13015;98
1.1302;74
1.13025;31
1.1303;62
